joint_r7_wrist_roll:
    x: 2.2309925791644127e-06
    y: 1.5481550430592618e-05
    z: 0.0002897385066402843
    roll: -1.3758172936485856e-07
    pitch: 0.007864544827953214
    yaw: 0.00010514589911418573