# oST version 5.0 parameters


[image]

width
1280

height
720

[narrow_stereo]

camera matrix
621.387507 0.000000 635.233427
0.000000 621.232740 360.701983
0.000000 0.000000 1.000000

distortion
-0.020401 0.016950 0.000829 -0.000235 0.000000

rectification
1.000000 0.000000 0.000000
0.000000 1.000000 0.000000
0.000000 0.000000 1.000000

projection
624.486576 0.000000 634.974703 0.000000
0.000000 623.880636 361.694739 0.000000
0.000000 0.000000 1.000000 0.000000
