joint_lt_sensor_rgbd:
    x: 0.06273210589668692
    y: 0.007407913608746114
    z: -0.12355716842087307
    roll: -3.137062005459855
    pitch: -0.006897963731123091
    yaw: -1.5923608515895873