joint_l7_wrist_roll:
    x: -2.4317678978935356e-06
    y: -0.0001510951693005082
    z: 0.000647926973892204
    roll: -2.1040522040271267e-07
    pitch: -0.004728987489547307
    yaw: -0.0018273507691420562