joint_rt_sensor_rgbd:
    x: 0.06345380942102583
    y: 0.009824242497044562
    z: -0.12241167707559111
    roll: -3.1382741464032358
    pitch: -0.013579473236459519
    yaw: -1.5570222628119665